0
0
0
-1500
-1500
-1500
-3000
-3000
-3000
0
0
0
-1500
-1500
-1500
-3000
-3000
-3000
0
0
0
-1500
-1500
-1500
-3000
-3000
-3000
-13300
-13300
-13300
-14800
-14800
-14800
-16300
-16300
-16300
-13300
-13300
-13300
-14800
-14800
-14800
-16300
-16300
-16300
-13300
-13300
-13300
-14800
-14800
-14800
-16300
-16300
-16300
-26600
-26600
-26600
-28100
-28100
-28100
-29600
-29600
-29600
-25100
-25100
-25100
-26600
-26600
-26600
-28100
-28100
-28100
-25100
-25100
-25100
-26600
-26600
-26600
-28100
-28100
-28100
