 0 
-1800
-3600
-3600
-1800
0
0
-1800
-3600
 0 
-1800
-3600
-3600
-1800
0
0
-1800
-3600
 0 
-1800
-3600
-3600
-1800
0
0
-1800
-3600
 0 
-1800
-3600
-3600
-1800
0
0
-1800
-3600
 -13300 
-15100
-16900
-16900
-15100
-13300
-13300
-15100
-16900
 -13300 
-15100
-16900
-16900
-15100
-13300
-13300
-15100
-16900
 -13300 
-15100
-16900
-16900
-15100
-13300
-13300
-15100
-16900
 -13300 
-15100
-16900
-16900
-15100
-13300
-13300
-15100
-16900
