 0 
0
0
-1500
-1500
-1500
-3000
-3000
-3000
 -13300 
-13300
-13300
-14800
-14800
-14800
-16300
-16300
-16300
 -26600 
-26600
-26600
-28100
-28100
-28100
-29600
-29600
-29600
 -39900 
-39900
-39900
-41400
-41400
-41400
-42900
-42900
-42900
 -39900 
-39900
-39900
-41400
-41400
-41400
-42900
-42900
-42900
 -26600 
-26600
-26600
-28100
-28100
-28100
-29600
-29600
-29600
 -13300 
-13300
-13300
-14800
-14800
-14800
-16300
-16300
-16300
 0 
0
0
-1500
-1500
-1500
-3000
-3000
-3000
