 0 
-1635
-3270
-3270
-1635
0
0
-1635
-3270
 -13226 
-14861
-16496
-16496
-14861
-13226
-13226
-14861
-16496
 -26067 
-27702
-29337
-29337
-27702
-26067
-26067
-27702
-29337
 -27379 
-29014
-30649
-30649
-29014
-27379
-27379
-29014
-30649
 -13495 
-15130
-16765
-16765
-15130
-13495
-13495
-15130
-16765
 -169 
-1804
-3439
-3439
-1804
-169
-169
-1804
-3439
 -188 
-1823
-3458
-3458
-1823
-188
-188
-1823
-3458
 -13679 
-15314
-16949
-16949
-15314
-13679
-13679
-15314
-16949
 -26802 
-28437
-30072
-30072
-28437
-26802
-26802
-28437
-30072
 -39412 
-41047
-42682
-42682
-41047
-39412
-39412
-41047
-42682
 -39412 
-41047
-42682
-42682
-41047
-39412
-39412
-41047
-42682
 -39412 
-41047
-42682
-42682
-41047
-39412
-39412
-41047
-42682
 0 
-1800
-3600
-3600
-1800
0
0
-1800
-3600
 -13300 
-15100
-16900
-16900
-15100
-13300
-13300
-15100
-16900
 -26600 
-28400
-30200
-30200
-28400
-26600
-26600
-28400
-30200
 -39900 
-41700
-43500
-43500
-41700
-39900
-39900
-41700
-43500
