*****
0
120
174
-8
*****
0
160
214
-4
*****
0
160
214
0
*****
0
160
214
0
*****
0
160
214
-2
*****
0
160
214
4
*****
0
160
214
0
*****
0
160
214
0
*****
0
160
214
-8
*****
0
160
214
4
*****
0
160
214
0
*****
0
160
214
4
*****
0
120
174
-8
*****
0
160
214
2
*****
0
160
214
-2
*****
0
160
214
4
*****
0
160
214
0
*****
0
160
214
4
*****
0
160
214
-6
*****
0
160
214
9
*****
0
80
134
-10
*****
0
160
214
9
