*****
0
-360
-306
-466
*****
0
440
494
-10
*****
0
440
494
-22
*****
0
440
494
34
*****
0
440
494
-52
*****
0
480
534
54
*****
0
440
494
-14
*****
0
440
494
54
*****
0
360
414
-30
*****
0
400
454
54
*****
0
360
414
-62
*****
0
440
494
39
*****
0
400
454
-18
*****
0
400
454
34
*****
0
360
414
-14
*****
0
360
414
9
*****
0
360
414
-30
*****
0
400
454
0
*****
0
400
454
29
*****
0
360
414
-58
*****
0
440
494
14
*****
0
440
494
-30
