0
-1800
-3600
-3600
-1800
0
0
-1800
-3600
-13300
-15100
-16900
-16900
-15100
-13300
-13300
-15100
-16900
0
-28400
-30200
-30200
-28400
-26600
-26600
-28400
-30200
-26600
-28400
-30200
-30200
-28400
-26600
-26600
-28400
-30200
-13300
-15100
-16900
-16900
-15100
-13300
-13300
-15100
-16900
0
-1800
-3600
-3600
-1800
0
0
-1800
-3600
0
-1800
-3600
-3600
-1800
0
0
-1800
-3600
-13300
-15100
-16900
-16900
-15100
-13300
-13300
-15100
-16900
-26600
-28400
-30200
-30200
-28400
-26600
-26600
-28400
-30200
-39900
-41700
-43500
-43500
-41700
-39900
-39900
-41700
-43500
-39900
-41700
-43500
-43500
-41700
-39900
-39900
-41700
-43500
-39900
-41700
-43500
-43500
-41700
-39900
-39900
-41700
-43500
