0
0
0
-1269
-1269
-1269
-2538
-2538
-2538
-26
-26
-26
-1295
-1295
-1295
-2564
-2564
-2564
-1
-1
-1
-1270
-1270
-1270
-2539
-2539
-2539
-12663
-12663
-12663
-13932
-13932
-13932
-15201
-15201
-15201
-12654
-12654
-12654
-13923
-13923
-13923
-15192
-15192
-15192
-13223
-13223
-13223
-14492
-14492
-14492
-15761
-15761
-15761
-25929
-25929
-25929
-27198
-27198
-27198
-28467
-28467
-28467
-25489
-25489
-25489
-26758
-26758
-26758
-28027
-28027
-28027
-25681
-25681
-25681
-26950
-26950
-26950
-28219
-28219
-28219
-25681
-25681
-25681
-26950
-26950
-26950
-28219
-28219
-28219
-12788
-12788
-12788
-14057
-14057
-14057
-15326
-15326
-15326
865
865
865
-404
-404
-404
-1673
-1673
-1673
